2996117
2993829
2993828
2993827
2986959
2984389
2984388
2984387
2982649
2975618
2975617
2975616
2975615
2972969
2970673
2968771
2968512
2964725
2964724
2964723
2964415
2964414
2964413
2964412
2964411
2964405
2964403
2964402
2964401
2959333
2959332
2959322
2959321
2959320
2959319
2959318
2959317
2959316
2959315
2959314
2956715
2956714
2956428
2954920
2954916
2954915
2954914
2950100
2950099
2950098
2950097
2950096
2950095
2943536
2942187
2942186
2941069
2941068
2941067
2941066
2941065
2941064
2941063
2941062
2941061
2941060
2941059
2941058
2941057
2941056
2941055
2941054
2941053
2941052
2941051
2941050
2941049
2941034
2941033
2936603
2933151
2929996
2929995
2929752
2929751
2928753
2928183
2928182
2928181
2928180
2928179
2928178
2928176
2928174
2928173
2928172
2928169
2928168
2928167
2927134
2927133
2927132
2927131
2926641
2926640
2926636
2926633
2926632
2926631
2926630
2926629
2926627
2922774
2922773
2922772
2922771
2922770
2922769
2922768
2922767
2922766
2922144
2922143
2922142
2912624
2912623
2912622
2912621
2912620
2912619
2912618
2912617
2912616
2912615
2912614
2912600
2911695
2911480
2907854
2904044
2904043
2904042
2904038
2899685
2898792
2897421
2893898
2885258
2885257
2885256
2885255
2885254
2885253
2878777
2878776
2878775
2878774
2878773
2876074
2874050
2872533
2872532
2870494
2870493
2866654
2866653
2866652
2866649
2866131
2865889
2863709
2863007
2861928
2861927
2861926
2861667
2861666
2859851
2844897
2844896
2842287
2839081
2839080
2839079
2839078
2839077
2839076
2839075
2839074
2839073
2839072
2839071
2836926
2836925
2836924
2836923
2836880
2833626
2833618
2829237
2828482
2828481
2828280
2828279
2828278
2828277
2828276
2828275
2828274
2828273
2828272
2828271
2828270
2828269
2828268
2828267
2828266
2828265
2828264
2828263
2828262
2828261
2828260
2828259
2828258
2828257
2828256
2823132
2823130
2822522
2820646
2819880
2819879
2819878
2819607
2819605
2819604
2819603
2819602
2819601
2819600
2819599
2819598
2819597
2819595
2819594
2819593
2819592
2819591
2819589
2819588
2819586
2819585
2819584
2819583
2819243
2819242
2819241
2819240
2819239
2818319
2818318
2818317
2818316
2818315
2818314
2818313
2818312
2818311
2818310
2818309
2818308
2818307
2818306
2818305
2818304
2818303
2818302
2818301
2818300
2818299
2818298
2818297
2818296
2818295
2818294
2818293
2818292
2818291
2818290
2818289
2818288
2818287
2818286
2818285
2818284
2818283
2818282
2818281
2818280
2818279
2818278
2818277
2818276
2818275
2818274
2818273
2818272
2818271
2818270
2818269
2818268
2818267
2818266
2818265
2818264
2818263
2818262
2818261
2818260
2818259
2818258
2818257
2818256
2817648
2816200
2816199
2807334
2804328
2804062
2804061
2804060
2804059
2802078
2802077
2802076
2802075
2802074
2802073
2802072
2801481
2801434
2801433
2801432
2801431
2801430
2801429
2801428
2801427
2801426
2801425
2801424
2801423
2801422
2801421
2801420
2801419
2801418
2801417
2801416
2801415
2801414
2801413
2801412
2794997
2793980
2792017
2789417
2787791
2783997
2783901
2782733
2782731
2782730
2782729
2781603
2781602
2781600
2779815
2779813
2779812
2779808
2776988
2776657
2776656
2776655
2776654
2776192
2776191
2776190
2774394
2774393
2774392
2773613
2773612
2772441
2772434
2772419
2772418
2771500
2771499
2771498
2771497
2771496
2771495
2771494
2770611
2770594
2770593
2768154
2766945
2766944
2766943
2749098
2749097
2749096
2749095
2749094
2749093
2749092
2749091
2746888
2746887
2742916
2740395
2740394
2739838
2739837
2739836
2735994
2735993
2735992
2735145
2735144
2735143
2735142
2732664
2723033
2723032
2723031
2721784
2721783
2721782
2721781
2720086
2716902
2716781
2716780
2716778
2716776
2716774
2716773
2716770
2716769
2716768
2716767
2716766
2716765
2715936
2714119
2713461
2713460
2711317
2704125
2696864
2696863
2696713
2696712
2696711
2696710
2696709
2696708
2696707
2696706
2696705
2696704
2695852
2695263
2695262
2695261
2695260
2695259
2695258
2695257
2695256
2695255
2695253
2695252
2695251
2695250
2695249
2695248
2691600
2691599
2689144
2689143
2689142
2689141
2683857
2683856
2683853
2683852
2683851
2683850
2683849
2681334
2678872
2678870
2666180
2662125
2661691
2661599
2661598
2661596
2661595
2661594
2661591
2654748
2652948
2652759
2614690
2613871
2613869
2613867
2613866
2613864
2613863
2607027
2606484
2606483
2604417
2604415
2603786
2603188
2603187
2603186
2603185
2603184
2603183
2603182
2603181
2602584
2601207
2601206
2599793
2599451
2597257
2596716
2594271
2593121
2593120
2593119
2593118
2593117
2593116
2592602
2592601
2592600
2591172
2591171
2591170
2591169
2591168
2591167
2591166
2591165
2591164
2591163
2591161
2591160
2591159
2591158
2591157
2591156
2591155
2591154
2591152
2591151
2591150
2591149
2590973
2590972
2590971
2590970
2590535
2590534
2590533
2590532
2588810
2576039
2575705
2552944
2545942
2545440
2545439
2545426
2545425
2527942
2518367
2517237
2517236
2517235
2517234
2505936
2505935
2505934
2505933
2505932
2502162
2502160
2502159
2502158
2502157
2502156
2502155
2501648
2501383
2497119
2496262
2496261
2496260
2496259
2496258
2496257
2496256
2496255
2496254
2496253
2496252
2496251
2496250
2496249
2496248
2496247
2496246
2496245
2496244
2496243
2496242
2496241
2496240
2496239
2496238
2496237
2496236
2496235
2496234
2496232
2496231
2496230
2496229
2496228
2496227
2496226
2496225
2496224
2496223
2496222
2496221
2496220
2496219
2496218
2496217
2496216
2496215
2496214
2496213
2496212
2496211
2494725
2494724
2494722
2494721
2494516
2494515
2492405
2481077
2478462
2478461
2478460
2478459
2478458
2478457
2478456
2478455
2478454
2478453
2478452
2478451
2478450
2478449
2448885
2448873
2448871
2448869
2448864
2448863
2448060
2448059
2419929
2419928
2419927
2419926
2419925
2419924
2419923
2419922
2419921
2419920
2419919
2419918
2419917
2419916
2419915
2419914
2419913
2419912
2419911
2419910
2419909
2419908
2419907
2419906
2419905
2419904
2419903
2419902
2419901
2419900
2419899
2419898
2419897
2419896
2419895
2419894
2419893
2419892
2419891
2419890
2419889
2419888
2419887
2419886
2419885
2419884
2419883
2419882
2419881
2419880
2419879
2419878
2419877
2419876
2419875
2419874
2419873
2419872
2419871
2419870
2419869
2419868
2419867
2419866
2419865
2419864
2419863
2419862
2419861
2419860
2419859
2419858
2419857
2419856
2419855
2419854
2419796
2382082
2382081
2382080
2382079
2382078
2382077
2382076
2382075
2382074
2382073
2364279
2316664
2316163
2305272
2305271
2304088
2304086
2304070
2303643
2303642
2303641
2303640
2303503
2302993
2292398
2292397
2283274
2249740
2233961
2220036
2220035
2219204
2219203
2219202
2219200
2219199
2219198
2219197
2219196
2213185
2213112
2184228
2184227
2175850
2175849
2175847
2172930
2172891
2172890
2172889
2172888
2172887
2171770
2171769
2171715
2171713
2171666
2171663
2170709
2162904
2162902
2162900
2162866
2162863
2162859
2153461
2153460
2153459
2153458
2153457
2136295
2135401
2135276
2116606
2107264
2107263
2107262
2107261
2107260
2082384
2082270
2082267
2082266
2082265
2082264
2082263
2082262
2079784
2079783
2079261
2079260
2073147
2073145
2066597
2066596
2066595
2066594
2066593
2066592
2066591
2066590
2066589
2066588
2066587
2066586
2066585
2066581
2060321
2060320
2060317
2060316
2060315
2059112
2055140
2053727
2053726
2053725
2053724
2053721
2053720
2053027
2052900
2048992
2048990
2044889
2044299
2044298
2044297
2044296
2044295
2044294
2044293
2044292
2044291
2042658
2042654
2042652
2042651
2042650
2042649
2042648
2042647
2042646
2042645
2034202
2033401
2033321
2033320
2033319
2033318
2033317
2033315
2033314
2032618
2032617
2032616
2032615
2032614
2032613
2032612
2032611
2032610
2030027
2030026
2030025
2030024
2028560
2028558
2028557
2028319
2028318
2028317
2028316
2028315
2028314
2028313
2028312
2028311
2028310
2028309
2028308
2028307
2028306
2028305
2028304
2028303
2028302
2028301
2028300
2028299
2026214
2025911
2025600
2024401
2024400
2024399
2023161
2023160
2022013
2022012
2021987
2021985
2021950
2017590
2014509
2014508
2008354
2008353
2008352
2005514
1987368
1987367
1974208
1974207
1974206
1974205
1972583
1972582
1970184
1967460
1967455
1967454
1967453
1966385
1965252
1962399
1962398
1962397
1962396
1962395
1962323
1962321
1962298
1960321
1954334
1939644
1936104
1936103
1932379
1932378
1932377
1929942
1929044
1929043
1929042
1929041
1926542
1926541
1926540
1925736
1925732
1925727
1925246
1925245
1920703
1920657
1917017
1897803
1897792
1891227
1890213
1890211
1890204
1890199
1890198
1890068
1890067
1890066
1890065
1890064
1890061
1890058
1890051
1890050
1890048
1890046
1890045
1880988
1868922
1868320
1868304
1868303
1858674
1830327
1827141
1825906
1823747
1812819
1809404
1799708
1799704
1795558
1795551
1795550
1795476
1795474
1795471
1788385
1778632
1775465
1775274
1775273
1772167
1772166
1769195
1751532
1749061
1748265
1748264
1743010
1738044
1736629
1736628
1736627
1736625
1736624
1736616
1734929
1734924
1734923
1725227
1725226
1725225
1725224
1725221
1725220
1725219
1718143
1706393
1706218
1706216
1701393
1695229
1684763
1684337
1684327
1684326
1684325
1680147
1676171
1665535
1665534
1665533
1665529
1664380
1660245
1660244
1655513
1655510
1655508
1655507
1655506
1655504
1654794
1652701
1652700
1652699
1652698
1652696
1652694
1652691
1651967
1639871
1638931
1638930
1630330
1630329
1630328
1630327
1620839
1620838
1620837
1620836
1620835
1620834
1620832
1620831
1620830
1620828
1617949
1615796
1609091
1608535
1608534
1607863
1607772
1607771
1607767
1607757
1604870
1604309
1604308
1604307
1603850
1595966
1595965
1595964
1588036
1588035
1588034
1588033
1582511
1582510
1582509
1582508
1582507
1582506
1582505
1582504
1582503
1582502
1582501
1582499
1582487
1582486
1582485
1582484
1582483
1582482
1582481
1582480
1582479
1579015
1576794
1576793
1572694
1571109
1568970
1568925
1568924
1567525
1567524
1567522
1567520
1567517
1567513
1567511
1567510
1567509
1567507
1564268
1564267
1564266
1560093
1559514
1559513
1559503
1554458
1547579
1545497
1545439
1543405
1543403
1543402
1542950
1542949
1541204
1541203
1541202
1541160
1539478
1539135
1536794
1534979
1523245
1520771
1519588
1518605
1517486
1515608
1510182
1499506
1499497
1499496
1497440
1494610
1494609
1488248
1480181
1479094
1478024
1478023
1478022
1477902
1473562
1473561
1473560
1473544
1473542
1473541
1472672
1472670
1472669
1472668
1472360
1465659
1464779
1454020
1453873
1449541
1444285
1444284
1439751
1439716
1437471
1436928
1436926
1436004
1433299
1430417
1427143
1427028
1427027
1424282
1424209
1421426
1421425
1416742
1416335
1405180
1405178
1405177
1400528
1399576
1395794
1394148
1392813
1392804
1392620
1392554
1392549
1392542
1392539
1392512
1391534
1391533
1391532
1391498
1390222
1390221
1387314
1385987
1385986
1385376
1383893
1383892
1380868
1380344
1380342
1379158
1378062
1357737
1357733
1354218
1353928
1353927
1348296
1343853
1341610
1341609
1341608
1341607
1341606
1335632
1330538
1330390
1330389
1330388
1330387
1330381
1330380
1330377
1330376
1330375
1325461
1325300
1325297
1321242
1310242
1310241
1310240
1310239
1310238
1305945
1305941
1297757
1276134
1268277
1268271
1267394
1267393
1267183
1261110
1261108
1261107
1261106
1258733
1258732
1258730
1258729
1258724
1258722
1256863
1254423
1248327
1247459
1247458
1247384
1247383
1247382
1246547
1244562
1240108
1240107
1240106
1240105
1239842
1239840
1239839
1239835
1237365
1235483
1235482
1227109
1223622
1217603
1217602
1217601
1217600
1217598
1217597
1217596
1217595
1217594
1214281
1211276
1208729
1197750
1194295
1194074
1175847
1170582
1170581
1170369
1163663
1162392
1160807
1160806
1159791
1159790
1158973
1158968
1158284
1158283
1158282
1158281
1158280
1158279
1158277
1157644
1157643
1157642
1157628
1157042
1157041
1156415
1156403
1147106
1147103
1141939
1141938
1141936
1137321
1136775
1132651
1132650
1131342
1127377
1127376
1116356
1116355
1116354
1116353
1116352
1116258
1116257
1116256
1116255
1107018
1107017
1106961
1106474
1106473
1100086
1100085
1100084
1096448
1096280
1093803
1093802
1093795
1093794
1093793
1093792
1093791
1090804
1090587
1090586
1090584
1090582
1090581
1090580
1090579
1090578
1088705
1082187
1082180
1078408
1078252
1078251
1078250
1078249
1078248
1078247
1078246
1077885
1073271
1072561
1072560
1068330
1068329
1068328
1068327
1068326
1068325
1068324
1068323
1068322
1068321
1068320
1068319
1068318
1068317
1068316
1068315
1048688
1048687
1047088
1041418
1041416
1041415
1041413
1041411
1041408
1041115
1041113
1041112
1036333
1028753
1026970
1026957
1026956
1008161
1007953
1007952
1007658
1004017
1003888
1003887
1003886
1003885
1003884
1003883
1003882
1003881
1003880
1003879
1003857
1003854
1003853
1003852
1003851
1003296
1003295
1003231
1003230
1003229
1003228
1003227
1003226
1003225
1003224
1003222
1003221
1003220
1003219
1003218
1003217
1003216
1003215
1003214
1003213
1003212
1003209
1003178
1002723
1002722
1002717
1002713
1002711
1002710
1002709
1002708
1002707
1002705
1002704
1002703
1002702
1002700
1002693
1002001
1001554
1001553
999952
997495
996586
992337
983527
983525
980894
980876
980875
980874
979565
978106
976585
976584
976583
976582
976581
976580
976579
976578
976577
976576
976575
976574
976573
976572
976571
976570
976569
976568
976567
976566
976565
976564
976563
976562
976561
976560
976559
976558
976557
976556
976555
976554
976553
976552
976551
976550
976549
976548
976547
976546
976545
976544
976543
976542
976541
976540
976539
976538
976537
976536
976535
976534
946981
946209
946131
943123
932763
932762
932761
932754
932753
932752
932751
932750
931252
930289
930286
930276
927574
924735
924734
924733
924732
924731
924730
924729
924728
924727
924726
924725
924724
924723
924722
924721
924720
924719
924718
924717
924716
924715
924714
924713
924712
924711
924710
924709
924708
924707
924706
924705
924704
924703
915257
913846
913574
913014
912593
907930
907929
907928
907927
907926
907925
906621
906620
905038
902815
887137
887131
885580
885259
885258
885256
879293
879292
879291
879290
879289
879288
879287
879286
879285
879284
879283
879282
879281
873083
871245
871244
870961
870528
870527
870526
866552
866551
866550
866549
866548
866102
865620
865619
864465
864060
863431
863430
863429
863428
863427
863426
862061
858504
858503
858499
858498
857471
857470
857467
856707
856706
856705
854347
854346
854345
854344
854343
854342
854341
854340
854339
854338
854337
854336
854335
854334
854333
854332
854331
854330
854329
854328
854327
854326
854325
854324
854323
854322
854321
854320
854319
854318
854317
854316
854315
854314
854313
854312
854311
854310
854309
854308
854307
854306
854305
854304
854303
854302
854301
854300
854299
854298
854297
854296
854295
854294
854293
854292
854291
854290
854289
854288
854287
854286
854285
854284
854282
854281
854280
854279
854278
854277
854276
854275
854274
854273
854272
854271
854270
854269
854268
854267
854266
854265
854264
854263
854262
854261
854260
854259
854258
854257
854256
854255
854254
854253
854252
854251
854250
854249
854248
854247
854246
854245
854244
854243
854242
854241
854240
854239
854238
854237
854236
854235
854234
854233
854232
854231
854230
854229
854228
854227
854226
854225
854224
854223
854222
854221
798169
798166
798067
798060
797616
797422
797421
771787
768346
765126
754351
752758
752757
752754
752193
747232
745064
742508
742503
723880
723805
723804
717921
717920
716879
716675
716674
715502
693659
693658
689412
687455
686679
685891
685572
685570
685449
685446
682468
672787
670077
670076
666518
666517
666516
666515
666514
663699
663697
662589
655593
655592
645539
644972
644967
644772
644236
637443
635075
635072
635070
620829
614052
595394
592740
592722
583359
579415
577681
576345
575527
575525
573592
570415
570414
565117
561259
555454
553233
548867
548550
548546
548538
548537
545505
544437
537921
537920
537919
531820
531819
530185
530184
530183
530181
530180
530178
530176
530175
530173
530172
530171
530170
530169
527686
526885
523745
522528
513396
511843
511842
511841
510213
508668
504289
504288
504102
504099
504098
502077
502076
499546
498361
498355
498184
498182
496482
496468
496466
496449
496431
492279
492278
492277
492276
491878
491876
491874
491872
491870
491866
491865
491864
491863
491862
491861
491755
491754
491753
490373
490306
490304
490303
490302
490301
490104
489448
485440
485439
485438
485437
485426
485425
485424
485423
485403
485402
484905
484903
484902
484375
484373
484372
484371
482974
481680
480986
480662
478565
478564
478562
478560
478559
478558
476587
475774
475773
473869
473866
473865
472764
472763
472762
472761
472760
472713
472711
472710
472709
472707
471727
470139
468371
466166
466165
466164
466163
466162
466161
466160
466159
466158
466157
465451
461710
461709
461708
461707
461416
461415
461414
461413
461404
461403
460102
458864
458863
458862
458861
458860
458859
458858
458857
456473
456472
451894
447795
447135
444095
443911
443227
442845
442659
442626
442625
442623
442622
442621
442619
442618
442617
442616
442615
442614
442613
442612
442611
442610
442609
442608
442607
442606
442605
442604
442603
442602
442600
442598
442596
442595
442594
442592
442590
442589
442588
442587
442586
442585
442584
442583
442581
442580
442578
442576
442572
442570
442568
442566
440272
439226
438763
435485
435484
435483
435482
435481
435480
435479
435478
435477
435476
435474
435473
435472
435471
435470
435469
435468
435467
435466
435465
435464
435463
435462
435461
435460
435459
435458
435457
435456
435455
435454
435453
435452
435451
435450
435449
435448
435447
435446
435444
435443
435442
435441
435440
435439
435438
435437
435436
435435
435406
435256
435255
431888
431887
431886
431885
431884
431883
431882
430900
428551
425181
425033
425032
423611
423610
423609
423608
423607
423060
423059
418655
414451
414450
414444
414443
414442
411610
411609
411608
411607
411606
411605
411108
410828
410827
410306
410305
410303
410302
410301
410300
410299
410298
409025
409024
409023
408722
407171
404336
400185
400184
400054
400052
399793
399317
399315
399234
399230
399229
398452
398451
398439
397752
397751
397750
397749
397748
397333
397332
397331
397330
397097
394588
393702
390848
390847
389470
386448
386447
382396
379650
379093
378674
378673
378672
378671
378670
371827
371826
368737
364155
363601
363600
362074
359030
357352
352468
349723
349713
349711
349710
349709
349707
349706
349704
349703
349701
349697
349696
349695
349693
349162
348362
348155
348154
348153
347532
347518
340180
337588
337587
337586
337585
337584
337583
337582
337230
337228
337226
337224
337222
337221
333744
333392
333391
333390
333388
332678
332673
332671
332668
332666
332665
332664
332661
329889
329888
329637
329634
329629
329627
329625
329624
329621
329620
328691
327948
327561
327559
327558
327507
327506
327504
327501
324708
323382
323381
323380
323379
323378
323377
323376
323375
323374
323373
323371
323370
323369
323367
323362
322713
322712
322711
322709
322708
320430
319829
319811
319467
319466
319465
319463
319462
316387
316116
316115
310402
309720
309717
309716
309715
306436
306435
303928
303927
303926
301547
301155
298897
298896
298894
298892
298890
298889
298888
298887
298886
298885
298884
298882
298881
298880
298877
297387
297005
291115
291114
291113
290846
290250
290249
290248
290246
289185
289184
288026
288025
284671
284517
282341
279152
278198
273922
273921
273920
273385
270680
270679
270678
270677
270354
270236
269658
269657
269655
269654
269653
269652
269651
269650
269649
268937
266836
266798
262468
262051
261875
261874
261873
261755
261754
261752
261005
261004
261003
261002
260991
260990
260989
260988
260985
260984
259054
259053
259052
259051
259050
259049
257702
257694
256595
254710
254709
254708
254707
254706
254705
254704
253247
253152
252603
251311
251277
251276
251274
249182
248813
248811
248799
248796
248794
248793
248016
248015
248014
248013
248012
248011
248010
248009
248008
248007
248006
248005
248004
248003
248002
248001
248000
247999
247998
246395
246392
245787
245184
245181
245093
243217
243215
243214
243070
243069
243068
243066
241152
241147
241146
241144
241142
241103
241102
241101
241099
240588
240587
240585
240584
240219
238835
238011
238010
238008
238007
238006
238005
238004
238003
238002
238000
237998
237995
236481
234690
234689
234683
234679
234670
234639
234638
234634
234629
234628
234626
233182
231237
230187
230186
230113
230112
230106
230084
230082
230081
230079
229288
227730
226875
226872
226870
226865
226860
226855
226849
226841
226835
226822
226821
226819
226817
226815
226813
226811
226699
226697
226695
226692
226687
226685
226683
226681
226680
226678
226577
226575
226573
226571
226567
226563
226558
226555
226551
226549
226548
226546
225199
221914
221913
221912
221702
221701
221700
221699
221698
221696
221695
221694
221682
221579
221128
220337
218844
218842
218840
218839
218838
218836
218834
218826
218825
218824
218820
218817
218805
218800
218799
218796
218793
218791
218789
218787
218786
218785
218778
214934
214933
213557
213498
211798
211636
210824
210823
210726
209873
209871
209869
209868
209867
209866
209864
209863
209858
209855
209425
204747
203484
202792
202006
200944
200943
200942
196630
196088
196087
196086
196085
193455
192883
192881
191382
190822
190506
190505
190504
190474
190473
190472
190470
190455
190453
190452
190451
190450
190449
190448
190446
189654
188140
187985
187268
186842
186478
186477
186476
186474
186472
186471
186193
184456
184396
184259
184258
184257
184199
184063
183515
183514
181543
181542
181541
181539
181537
176509
176508
176505
176503
176501
176498
175522
170740
170738
170737
170736
169416
169415
169414
169413
169185
169034
167954
167953
164752
164615
164613
164611
164610
164517
164385
164384
164324
163697
163696
162314
162310
162309
162168
160457
160456
160455
160451
160448
160400
160399
159078
157544
157543
157541
156200
156197
155716
152343
152342
152341
152340
148310
146137
146136
146134
146130
146129
146128
145413
145412
145411
145410
145409
145408
145407
145406
144756
144755
144754
144753
144199
144198
143288
143287
143286
143267
142885
142641
142640
140765
140762
140761
137714
137713
137712
137711
137710
137364
137207
135717
135583
134912
134911
134910
134909
134908
134907
134745
134744
134743
134742
134510
132258
132257
132256
132255
132254
132251
131388
129435
129434
129433
129432
129431
129430
129386
129247
129246
128983
128106
128105
127501
127500
126064
123941
123940
123853
123852
123797
123796
123795
123794
123793
123792
123791
123790
123789
123788
123787
123786
123785
123784
123371
122953
122204
122201
122200
121589
121587
121585
121583
121581
121579
121578
121576
121575
121573
121570
121569
121568
121567
121566
121565
121564
121563
121561
119818
119816
119814
119565
119564
118865
118864
118862
118861
118859
118858
113116
112858
112857
112856
112854
112853
112852
112851
112850
112849
112226
111841
111840
111839
111838
111837
109681
109678
109677
109676
109340
109339
109336
109335
109227
108858
108855
108852
108849
108848
108586
108582
108517
108149
108146
108145
108144
107288
107287
107286
107285
107284
107283
107282
107281
107279
107276
107274
107272
107270
107268
107267
107266
107265
107264
106350
106347
106345
106343
106283
106114
106113
106112
106110
106109
105299
105298
105297
105296
105255
105199
105150
105149
105148
105147
104298
101676
101673
101671
101669
101667
101665
100949
100947
100945
100900
100899
100897
100896
100895
100894
100645
100644
100643
100385
100383
100382
100381
100306
99871
99869
99868
99867
99863
99861
99860
99859
99858
99856
99855
99854
99850
99849
99848
99847
99846
99844
99843
99842
99841
99840
99838
99837
99835
99833
99832
99831
99830
99829
99827
99826
99825
99823
99539
99538
98661
98658
98318
98316
98314
98236
97219
97218
97217
97216
97213
97212
97211
97209
97208
97207
97206
95728
94248
94247
93167
93166
93165
93164
93163
93162
93161
93160
93159
93158
93157
92878
92538
92537
92483
92481
92243
89458
89457
89379
89246
89150
89136
89133
89132
89131
89130
89128
89126
89124
89122
89121
89119
89117
89115
89113
89112
89111
89110
89109
89108
89107
89106
89105
89104
89103
89102
89101
89100
89099
89098
89097
89096
89095
89094
88454
88450
88127
88126
88125
88124
85953
85952
85047
84770
84769
84648
84623
83774
83773
83762
83761
83759
83757
83756
83755
83754
83753
83752
83535
83530
83529
83528
83527
82468
82467
82466
82464
82463
81936
81935
81634
81632
81631
79949
79921
79920
79689
79684
79202
77911
76772
76342
73865
73863
73861
73858
73109
72448
72447
71813
71802
71422
71173
71162
71003
70831
70830
70596
70341
70284
69158
69127
69083
69081
69079
69077
69076
69075
69074
69073
68896
64717
64683
64682
64681
64680
64679
64678
64677
64676
64664
63773
63772
63771
63770
63769
63768
63767
63766
63616
63615
63614
63113
63112
63111
63110
63109
61882
61880
61878
61877
61874
61872
61871
61869
61868
61867
61866
61837
61276
61159
61158
61157
61156
61155
61154
61152
60747
60746
60745
60744
60743
60742
59941
59940
59939
59938
59937
59936
59935
59934
59933
58329
57106
57105
57104
57100
56323
56321
56319
56317
56316
56242
56239
56236
56234
56232
56230
56229
56227
56225
56221
56219
56217
56216
56214
56213
56212
56211
56210
55520
55157
55156
55152
55150
55149
55147
55145
54292
54111
54071
53505
53279
53278
53277
53275
52907
52812
52808
52284
51373
51348
51346
51342
51338
51337
50862
50725
50724
50723
50722
49445
49440
48868
48669
48139
48017
48015
48014
48013
48012
48011
48009
48008
48006
48005
47973
47665
47230
45488
45487
45486
45484
45482
45480
45479
45477
45474
45473
45472
45471
45470
45469
45468
45467
45466
44242
44241
44234
43327
43325
43323
43321
43320
43318
43179
42834
42832
42831
42830
42829
42828
42827
42520
42416
42415
42413
42412
42411
42410
42409
42408
42152
42150
41272
41270
41269
41268
41265
41264
41261
41199
39472
39108
39086
39084
39082
39030
38679
38678
38677
38675
38674
38673
38672
38671
38670
38669
38668
38666
38665
38409
38408
37591
37549
37548
37443
37441
37440
37438
37436
37435
37027
37025
37022
37020
37019
37018
37017
37015
37014
36800
36799
36797
36796
36483
36237
35739
35736
35732
35668
35666
35665
35664
35663
35662
35660
35659
35658
34862
34861
34860
34858
34856
34854
34849
34846
34844
34842
34839
34838
34837
34836
33552
32529
30640
30638
30637
30635
30629
30628
30627
30625
30624
30622
30621
30619
30618
30616
29131
29129
29127
29126
29125
29119
29117
29115
29113
29111
29109
29107
29106
29104
29102
29101
29100
29099
29098
29096
29095
29094
29092
29091
27684
27683
27682
27681
13628
13463
13462
13461
13458
13151
10187
10185
10183
10181
10179
10177
10175
10172
10171
10169
10166
10163
10160
10157
10154
10152
10149
10146
10144
10143
10141
10138
10137
10133
10129
10127
10122
10121
10120
10119
10118
10117
10116
10115
10113
10112
10108
10105
10103
10102
10101
10100
10098
10097
10096
10095
10094
10093
10090
10089
10087
10085
10081
10078
10077
10075
10074
10073
10072
10070
10068
10060
10058
10055
10054
10047
10044
10042
10041
10038
10037
10036
10034
10032
10031
10030
10029
10023
10020
10019
10018
10017
10013
10012
10009
10007
9999
9997
9995
9993
